59
68
93
6
30
35
94
91
65
13
1
14
33
30
87
65
24
58
23
52
31
8
65
47
88
80
41
84
42
98
98
83
52
29
89
43
86
3
6
56
21
73
88
44
86
29
54
24
88
21
51
7
96
83
46
10
30
75
84
90
50
98
15
77
20
46
24
79
39
24
44
23
59
4
75
89
54
30
14
52
47
87
31
36
57
51
99
45
88
15
28
56
88
15
58
18
95
8
91
32
70
90
52
99
89
97
25
72
74
42
79
82
11
53
32
69
85
78
84
88
97
72
40
89
52
5
67
92
59
96
64
97
76
89
42
69
21
64
2
49
82
67
16
74
8
89
92
24
37
85
9
79
23
86
44
24
95
42
35
60
55
54
50
98
76
74
70
59
75
63
3
67
78
65
63
34
66
73
68
83
18
56
81
96
63
47
83
15
81
97
21
50
96
73
68
23
76
38
31
19
96
36
68
68
25
80
43
52
41
44
45
38
12
12
39
34
86
90
76
26
30
65
48
79
40
76
80
23
77
20
68
56
49
4
10
29
61
35
53
48
93
96
44
46
14
79
31
15
5
9
28
25
66
22
19
96
60
74
32
49
29
72
21
57
28
39
99
33
97
6
71
78
10
68
51
90
45
14
46
43
85
8
1
80
14
13
13
52
62
12
15
88
73
24
29
11
6
82
59
46
42
42
88
24
51
65
58
71
48
58
53
66
98
73
81
98
25
51
44
19
10
37
29
55
80
45
17
81
15
48
17
41
87
15
14
78
57
67
90
72
36
60
90
77
19
23
65
11
70
24
67
28
46
34
94
93
80
65
32
12
3
77
90
51
43
80
57
14
72
32
2
43
82
76
78
30
92
50
42
93
43
63
40
67
3
24
52
83
41
7
77
60
38
83
35
40
20
4
67
90
20
42
99
41
6
3
63
98
47
97
32
66
9
63
60
52
67
13
38
74
54
26
50
74
89
91
24
2
74
11
59
1
66
11
44
14
99
84
37
63
6
8
79
30
88
58
93
37
11
61
54
61
12
50
52
43
6
55
84
13
97
67
80
13
8
90
99
10
11
31
39
67
51
26
94
81
82
27
53
74
93
20
9
96
49
56
8
92
69
35
41
5
45
32
21
64
1
5
56
1
67
45
90
11
15
87
68
18
35
23
64
48
59
24
77
92
98
15
87
74
85
90
5
50
28
28
28
50
53
23
99
93
73
85
65
60
67
99
91
91
14
90
65
56
29
56
11
18
39
57
37
66
79
29
22
52
28
10
53
64
64
8
31
47
62
2
53
14
70
29
41
59
54
63
97
79
48
92
8
13
96
20
47
47
54
78
59
80
53
73
25
15
93
80
99
76
51
69
16
63
31
93
2
99
88
53
27
82
29
57
42
79
45
24
1
3
57
76
75
23
21
20
4
92
12
35
79
19
68
20
83
81
44
91
95
71
59
3
11
90
20
10
78
66
60
33
72
49
74
11
76
37
76
60
7
36
15
88
48
8
2
41
41
81
35
39
37
40
61
22
20
15
13
64
75
30
25
58
91
44
3
38
17
84
24
42
8
77
63
1
47
28
36
86
59
65
94
37
76
48
99
37
93
25
85
77
7
45
24
76
60
29
69
84
72
76
45
45
23
87
86
69
46
60
85
70
40
11
87
92
79
1
8
24
17
31
70
12
76
75
64
13
97
40
51
45
43
8
26
64
35
94
65
75
9
18
45
84
29
18
26
61
15
22
88
2
76
94
39
52
83
26
43
3
44
48
54
91
95
30
85
26
56
44
76
59
72
85
32
92
79
69
19
83
52
87
66
51
33
44
11
44
84
94
24
46
96
27
34
34
18
61
98
31
57
90
75
64
49
53
87
15
67
89
31
33
30
11
31
95
22
18
16
9
30
71
48
92
22
56
65
19
42
53
20
9
88
43
54
92
90
80
79
27
68
25
33
63
81
60
41
27
53
51
97
85
55
8
45
87
71
57
25
32
68
87
61
33
87
18
83
72
7
11
14
96
